0 0.2890625 0.6865234375 0.0234375 0.08203125
0 0.3216145833333333 0.685546875 0.0234375 0.08203125
0 0.22981770833333334 0.6865234375 0.08203125 0.0859375
0 0.15169270833333334 0.67724609375 0.06380208333333333 0.0673828125
0 0.07682291666666667 0.67236328125 0.078125 0.0986328125
0 0.328125 0.576171875 0.06770833333333333 0.0859375
0 0.24674479166666666 0.57568359375 0.07682291666666667 0.0849609375
0 0.16536458333333334 0.5751953125 0.078125 0.0859375
0 0.9173177083333334 0.66162109375 0.024739583333333332 0.3544921875
0 0.3977864583333333 0.65234375 0.11848958333333333 0.3359375
0 0.026041666666666668 0.66259765625 0.0234375 0.3603515625
0 0.4986979166666667 0.65869140625 0.020833333333333332 0.3583984375
0 0.2858072916666667 0.2880859375 0.3216145833333333 0.38671875
0 0.564453125 0.28564453125 0.13671875 0.3876953125
0 0.8489583333333334 0.2861328125 0.140625 0.392578125
0 0.07486979166666667 0.2783203125 0.10286458333333333 0.400390625
