0 0.23 0.686875 0.08333333333333333 0.08625
0 0.15166666666666667 0.6775 0.06333333333333334 0.0675
0 0.07666666666666666 0.671875 0.08 0.09875
0 0.32916666666666666 0.57625 0.06833333333333333 0.085
0 0.24666666666666667 0.575 0.07666666666666666 0.085
0 0.16583333333333333 0.575625 0.07833333333333334 0.08625
0 0.9166666666666666 0.66125 0.02666666666666667 0.355
0 0.3983333333333333 0.6525 0.12 0.3375
0 0.025833333333333333 0.663125 0.025 0.36125
0 0.49833333333333335 0.659375 0.023333333333333334 0.35875
0 0.28583333333333333 0.288125 0.32166666666666666 0.38625
0 0.565 0.284375 0.13666666666666666 0.39125
0 0.8466666666666667 0.285 0.14666666666666667 0.395
0 0.07583333333333334 0.278125 0.105 0.40125
