0 0.33875 0.9166666666666666 0.355 0.02666666666666667
0 0.715 0.8466666666666667 0.395 0.14666666666666667
0 0.715625 0.565 0.39125 0.13666666666666666
0 0.340625 0.49833333333333335 0.35875 0.023333333333333334
0 0.3475 0.3983333333333333 0.3375 0.12
0 0.42375 0.32916666666666666 0.085 0.06833333333333333
0 0.425 0.24666666666666667 0.085 0.07666666666666666
0 0.313125 0.23 0.08625 0.08333333333333333
0 0.424375 0.16583333333333333 0.08625 0.07833333333333334
0 0.711875 0.28583333333333333 0.38625 0.32166666666666666
0 0.3225 0.15166666666666667 0.0675 0.06333333333333334
0 0.328125 0.07666666666666666 0.09875 0.08
0 0.721875 0.07583333333333334 0.40125 0.105
0 0.336875 0.025833333333333333 0.36125 0.025
