0 0.3383333333333333 0.9166666666666666 0.35333333333333333 0.028888888888888888
0 0.715 0.8511111111111112 0.3933333333333333 0.13777777777777778
0 0.7166666666666667 0.5644444444444444 0.39 0.13777777777777778
0 0.3416666666666667 0.4988888888888889 0.3566666666666667 0.024444444444444446
0 0.3466666666666667 0.3977777777777778 0.33666666666666667 0.12
0 0.42333333333333334 0.3288888888888889 0.08666666666666667 0.06666666666666667
0 0.4241666666666667 0.24666666666666667 0.085 0.07555555555555556
0 0.31333333333333335 0.23 0.08666666666666667 0.08222222222222222
0 0.4241666666666667 0.16555555555555557 0.085 0.07777777777777778
0 0.7133333333333334 0.2866666666666667 0.38666666666666666 0.3244444444444444
0 0.3225 0.15222222222222223 0.06833333333333333 0.06444444444444444
0 0.7225 0.07555555555555556 0.40166666666666667 0.10666666666666667
0 0.3375 0.06555555555555556 0.3616666666666667 0.10444444444444445
