0 0.9244444444444444 0.7225 0.10666666666666667 0.40166666666666667
0 0.43555555555555553 0.7166666666666667 0.13777777777777778 0.39
0 0.7133333333333334 0.7133333333333334 0.3244444444444444 0.38666666666666666
0 0.14888888888888888 0.715 0.13777777777777778 0.3933333333333333
0 0.8344444444444444 0.4241666666666667 0.07777777777777778 0.085
0 0.7533333333333333 0.4241666666666667 0.07555555555555556 0.085
0 0.6711111111111111 0.42333333333333334 0.06666666666666667 0.08666666666666667
0 0.8477777777777777 0.3225 0.06444444444444444 0.06833333333333333
0 0.77 0.31333333333333335 0.08222222222222222 0.08666666666666667
0 0.6022222222222222 0.3466666666666667 0.12 0.33666666666666667
0 0.5011111111111111 0.3416666666666667 0.024444444444444446 0.3566666666666667
0 0.08333333333333333 0.3383333333333333 0.028888888888888888 0.35333333333333333
0 0.9344444444444444 0.3375 0.10444444444444445 0.3616666666666667
