0 0.2844559585492228 0.813858695652174 0.0922279792746114 0.21467391304347827
0 0.28134715025906737 0.6711956521739131 0.08601036269430051 0.043478260869565216
0 0.39792746113989635 0.686141304347826 0.09119170984455958 0.13858695652173914
0 0.28082901554404144 0.6046195652173914 0.08704663212435233 0.04619565217391304
0 0.6735751295336787 0.7336956521739131 0.34818652849740933 0.391304347826087
0 0.39896373056994816 0.5135869565217391 0.08911917098445596 0.15760869565217392
0 0.28082901554404144 0.4796195652173913 0.09119170984455958 0.17119565217391305
0 0.3984455958549223 0.34646739130434784 0.09015544041450778 0.16032608695652173
0 0.6808290155440414 0.3967391304347826 0.09119170984455958 0.266304347826087
0 0.2906735751295337 0.3179347826086957 0.07150259067357513 0.13043478260869565
0 0.30259067357512953 0.18614130434782608 0.09119170984455958 0.11141304347826086
0 0.2865284974093264 0.10869565217391304 0.08393782383419689 0.05434782608695652
0 0.6989637305699482 0.11413043478260869 0.39481865284974094 0.125
0 0.322279792746114 0.04755434782608696 0.34196891191709844 0.029891304347826088
