0 0.9251302083333334 0.7216796875 0.10286458333333333 0.400390625
0 0.435546875 0.71435546875 0.13671875 0.3876953125
0 0.7141927083333334 0.7119140625 0.3216145833333333 0.38671875
0 0.15104166666666666 0.7138671875 0.140625 0.392578125
0 0.8346354166666666 0.4248046875 0.078125 0.0859375
0 0.7532552083333334 0.42431640625 0.07682291666666667 0.0849609375
0 0.671875 0.423828125 0.06770833333333333 0.0859375
0 0.8483072916666666 0.32275390625 0.06380208333333333 0.0673828125
0 0.9231770833333334 0.32763671875 0.078125 0.0986328125
0 0.6783854166666666 0.314453125 0.0234375 0.08203125
0 0.7109375 0.3134765625 0.0234375 0.08203125
0 0.7701822916666666 0.3134765625 0.08203125 0.0859375
0 0.6022135416666666 0.34765625 0.11848958333333333 0.3359375
0 0.5013020833333334 0.34130859375 0.020833333333333332 0.3583984375
0 0.08268229166666667 0.33837890625 0.024739583333333332 0.3544921875
0 0.9739583333333334 0.33740234375 0.0234375 0.3603515625
