0 0.76 0.730625 0.11333333333333333 0.10375
0 0.7616666666666667 0.615625 0.11333333333333333 0.07625
0 0.43833333333333335 0.714375 0.11333333333333333 0.44375
0 0.9158333333333334 0.703125 0.115 0.42375
0 0.14583333333333334 0.71375 0.12166666666666667 0.445
0 0.605 0.710625 0.10666666666666667 0.44125
0 0.7333333333333333 0.3375 0.11333333333333333 0.105
0 0.7333333333333333 0.223125 0.11333333333333333 0.07625
0 0.5808333333333333 0.313125 0.075 0.35375
0 0.9416666666666667 0.313125 0.08 0.35875
0 0.465 0.31375 0.07666666666666666 0.3625
0 0.11666666666666667 0.31 0.08 0.3625
