0 0.2677777777777778 0.7766666666666666 0.11333333333333333 0.07666666666666666
0 0.26666666666666666 0.6625 0.11555555555555555 0.105
0 0.8844444444444445 0.69 0.08 0.36333333333333334
0 0.5344444444444445 0.685 0.07777777777777778 0.36
0 0.23777777777777778 0.38333333333333336 0.11555555555555555 0.07666666666666666
0 0.2388888888888889 0.27 0.11333333333333333 0.10333333333333333
0 0.07777777777777778 0.4741666666666667 0.12 0.7783333333333333
0 0.5611111111111111 0.2875 0.11333333333333333 0.43833333333333335
0 0.3988888888888889 0.4658333333333333 0.11333333333333333 0.795
0 0.8544444444444445 0.2866666666666667 0.11777777777777777 0.44333333333333336
