0 0.7611111111111111 0.73 0.11333333333333333 0.10333333333333333
0 0.7622222222222222 0.6166666666666667 0.11555555555555555 0.07666666666666666
0 0.4388888888888889 0.7125 0.11333333333333333 0.43833333333333335
0 0.14555555555555555 0.7133333333333334 0.11777777777777777 0.44333333333333336
0 0.7333333333333333 0.3375 0.11555555555555555 0.105
0 0.7322222222222222 0.22333333333333333 0.11333333333333333 0.07666666666666666
0 0.9222222222222223 0.5258333333333334 0.12 0.7783333333333333
0 0.6011111111111112 0.5341666666666667 0.11333333333333333 0.795
0 0.46555555555555556 0.315 0.07777777777777778 0.36
0 0.11555555555555555 0.31 0.08 0.36333333333333334
