0 0.26666666666666666 0.776875 0.11333333333333333 0.07625
0 0.26666666666666666 0.6625 0.11333333333333333 0.105
0 0.4191666666666667 0.686875 0.075 0.35375
0 0.8833333333333333 0.69 0.08 0.3625
0 0.058333333333333334 0.686875 0.08 0.35875
0 0.535 0.68625 0.07666666666666666 0.3625
0 0.23833333333333334 0.384375 0.11333333333333333 0.07625
0 0.24 0.269375 0.11333333333333333 0.10375
0 0.08416666666666667 0.296875 0.115 0.42375
0 0.395 0.289375 0.10666666666666667 0.44125
0 0.8541666666666666 0.28625 0.12166666666666667 0.445
0 0.5616666666666666 0.285625 0.11333333333333333 0.44375
