0 0.6712250712250714 0.6658119658119658 0.23475783475783474 0.09059829059829064
0 0.42621082621082623 0.6709401709401709 0.2142450142450143 0.0735042735042736
0 0.1982905982905983 0.6709401709401709 0.2005698005698006 0.0700854700854702
0 0.2096866096866097 0.588034188034188 0.2142450142450143 0.07521367521367515
0 0.42735042735042733 0.5931623931623932 0.19373219373219372 0.06837606837606834
0 0.6552706552706553 0.5803418803418804 0.2347578347578348 0.06324786324786323
0 0.6507122507122507 0.48290598290598297 0.24843304843304828 0.07008547008547011
0 0.6655270655270655 0.3863247863247863 0.23703703703703696 0.07521367521367522
0 0.6598290598290597 0.29914529914529914 0.21652421652421644 0.08205128205128201
0 0.6643874643874645 0.13931623931623932 0.21652421652421666 0.06324786324786323
0 0.19715099715099715 0.40256410256410263 0.22564102564102562 0.09401709401709404
