0 0.6871794871794872 0.641025641025641 0.20740740740740754 0.10256410256410248
0 0.4638176638176638 0.6316239316239316 0.1846153846153846 0.07008547008546998
0 0.24843304843304842 0.6358974358974359 0.1914529914529915 0.06495726495726487
0 0.2575498575498576 0.5606837606837607 0.17777777777777778 0.07179487179487175
0 0.23931623931623933 0.4794871794871795 0.2096866096866097 0.059829059829059755
0 0.23931623931623933 0.38547008547008543 0.20512820512820512 0.07008547008547011
0 0.6746438746438748 0.17435897435897435 0.16410256410256424 0.06495726495726493
0 0.6814814814814816 0.31111111111111106 0.19601139601139614 0.0786324786324786
0 0.6871794871794873 0.3880341880341881 0.1982905982905983 0.06837606837606834
0 0.6928774928774929 0.46752136752136747 0.21424501424501435 0.08034188034188026
0 0.6940170940170941 0.5581196581196582 0.1754985754985755 0.056410256410256425
0 0.46267806267806266 0.5504273504273505 0.2005698005698006 0.06837606837606834
0 0.4683760683760683 0.47350427350427354 0.19373219373219372 0.07521367521367515
